afk: false
logoutlocation:
  world: world
  x: 329.05151857723655
  y: 73.0
  z: 186.64303442195228
  yaw: 96.30527
  pitch: -13.770176
timestamps:
  logout: 1580923972281
  login: 1580923647752
lastAccountName: mbcx2
ipAddress: 127.0.0.1
